#OBS, START,  END, midpoint,  err(simi different), #Day-trigger (MJD-58920.8867)
#XMM-Newton
1 58923.33179398 58923.61194444 58923.47186921  0.1400752299996384   2.725244440000097
2 58943.15572917 58943.56449074 58943.360109955 0.20438078499864787  22.473409954996896
3 59099.63388889 59099.94363426 59099.788761575 0.15487268500146456  178.9020615749978
4 59130.43353009 59131.03438657 59130.73395833  0.30042823999974644  209.84725832999538 
#NuSTAR
1 58923.16552083 58923.66531250 58923.415416665 0.24989583500064327 2.5287166599955526
2 58943.08413194 58944.56677083 58943.825451385 0.7413194450018636  22.938751379995665
3 58971.87232639 58972.85149306 58972.361909725 0.48958333499831497 51.4752097199962
4 59030.11538194 59030.63621528 59030.375798609 0.2604166700002679  109.48909859999549
5 59031.79246528 59032.04246528 59031.91746528  0.125		 111.03076527999656
6 59099.02857639 59100.00774306 59099.518159725 0.48958333499831497 178.6314597199962