0 3.125E-2 1.85572112 7.30719417E-2 1
6.25E-2 3.125E-2 1.68028224 6.97566494E-2 1
0.125 3.125E-2 1.27050817 6.13293312E-2 1
0.1875 3.125E-2 0.641948938 4.54492643E-2 1
0.25 3.125E-2 0.544833839 4.24694493E-2 1
0.3125 3.125E-2 0.620336592 4.48023342E-2 1
0.375 3.125E-2 0.445005268 3.91702689E-2 1
0.4375 3.125E-2 0.469294041 3.9998237E-2 1
0.5 3.125E-2 0.312881172 3.432272E-2 1
0.5625 3.125E-2 0.5232023 4.17751633E-2 1
0.625 3.125E-2 0.68778795 4.67892773E-2 1
0.6875 3.125E-2 0.981787741 5.46097681E-2 1
0.75 3.125E-2 1.12481165 5.8036074E-2 1
0.8125 3.125E-2 1.33518422 6.27341866E-2 1
0.875 3.125E-2 1.64796567 6.91300258E-2 1
0.9375 3.125E-2 1.85844886 7.31228366E-2 1
1 3.125E-2 1.85572112 7.30719417E-2 1
1.0625 3.125E-2 1.68028224 6.97566494E-2 1
1.125 3.125E-2 1.27050817 6.13293312E-2 1
1.1875 3.125E-2 0.641948938 4.54492643E-2 1
1.25 3.125E-2 0.544833839 4.24694493E-2 1
1.3125 3.125E-2 0.620336592 4.48023342E-2 1
1.375 3.125E-2 0.445005268 3.91702689E-2 1
1.4375 3.125E-2 0.469294041 3.9998237E-2 1
1.5 3.125E-2 0.312881172 3.432272E-2 1
1.5625 3.125E-2 0.5232023 4.17751633E-2 1
1.625 3.125E-2 0.68778795 4.67892773E-2 1
1.6875 3.125E-2 0.981787741 5.46097681E-2 1
1.75 3.125E-2 1.12481165 5.8036074E-2 1
1.8125 3.125E-2 1.33518422 6.27341866E-2 1
1.875 3.125E-2 1.64796567 6.91300258E-2 1
1.9375 3.125E-2 1.85844886 7.31228366E-2 1

