#READ SERR 1 2
#!Day-trigger (58920.88665509 #MJD); err day; radius, err_sx; err_dx
7.500004998291842639e-03 6.400465001206612214e-03 9.999115480881296536e-01 1.443614802553289667e-01 1.985638215896478875e-01
2.004224550037179142e-01 1.303067150001879781e-01 7.603812096573664414e-01 5.596350601453572299e-02 6.505028114922573046e-02
9.915277800027979538e-01 1.157406999845989048e-02 7.830814210540305575e-01 1.122882261229550954e-01 1.555755616084194548e-01
2.192332179998629726e+00 7.161457999973208643e-02 8.912903365346220852e-01 1.217240932729282687e-01 1.633779633637298945e-01
6.547413195003173314e+00 3.602430500177433714e-02 8.097131936679801134e-01 1.104462186860083461e-01 1.501526105158830504e-01
7.375584494999202434e+00 7.174189500074135140e-02 8.238064238642474058e-01 1.095076704986534116e-01 1.472184067406414054e-01
9.230457174999173731e+00 9.230325002135941759e-03 9.312865939118848413e-01 1.353792359621671382e-01 1.832176273454917126e-01
1.142395833499904256e+01 6.642361500053084455e-02 6.215026950866746613e-01 1.252306303121432374e-01 1.991600798814522899e-01
1.371800347500538919e+01 3.682118050019198563e-01 1.193282316972811063e+00 1.914101779155119309e-01 2.799499842453557763e-01
1.556779513999936171e+01 3.010590300000330899e-01 1.235719890590096570e+00 2.122454948080140236e-01 3.213623948145443165e-01
1.739429977000690997e+01 5.967766200010373723e-01 7.665135615238649613e-01 1.360979088795313263e-01 1.978791329354419593e-01
1.992011574500065763e+01 2.905094999732682481e-03 1.127287945469124697e+00 2.624904170407493242e-01 4.583945974734573436e-01
2.336692130000301404e+01 9.571759997925255448e-03 9.033072035581251047e-01 1.418894961491942719e-01 2.048534380657054954e-01
3.622501157500664704e+01 6.375925950014789123e-01 8.795991814457309044e-01 1.192564287097076098e-01 1.627427367250589285e-01
3.940455440000368981e+01 2.385937500002910383e-01 1.263593960099525182e+00 2.413818345367657048e-01 3.807905608872188541e-01
5.054705439999816008e+01 1.016608800018730108e-01 5.845111187992919621e-01 1.251266640708573463e-01 2.076861809023761440e-01
5.105512153000017861e+01 9.531249997962731868e-03 6.002303557801788036e-01 9.979530944405808068e-02 1.449563865348130753e-01
5.491230902999814134e+01 6.402198999785468914e-02 4.405479642445303545e-01 5.431170608864541172e-02 7.066544395860638317e-02
6.144531829000334255e+01 9.645254999850294553e-02 4.913122998663884688e-01 9.917748682093092960e-02 1.573202779678420649e-01
6.364203704000101425e+01 3.066782399982912466e-01 9.109003897243649339e-01 1.597297869788233959e-01 2.471607172320192669e-01
6.477039931000035722e+01 2.865161999943666160e-02 4.395542178161870317e-01 6.962903565211314705e-02 9.851614814832367062e-02
7.001046296500135213e+01 3.686342499713646248e-02 6.735821375303830960e-01 1.373847999664715158e-01 2.281088838420530507e-01
7.654969907499616966e+01 4.038773149986809585e-01 6.301177032904249353e-01 9.819890546049390989e-02 1.367505100631718207e-01
8.366317708500719164e+01 2.063715250005770940e-01 7.362580417217865492e-01 1.158221808981249601e-01 1.714512140803211016e-01
9.454146991000015987e+01 3.378773149997869041e+00 6.718405525122758126e-01 1.059744122431476587e-01 1.534133378215759291e-01
1.014868692150048446e+02 5.069849550018261652e-01 1.246746755359724235e+00 2.701485077280357805e-01 4.724518650060955394e-01
1.047317650500044692e+02 3.725057899973762687e-01 3.437547404764041969e-01 5.822316890170659009e-02 8.690894458495675157e-02
1.109475810250005452e+02 8.055555001192260534e-03 3.541251846452042606e-01 8.841349482536446647e-02 1.612745492891717036e-01
1.114417534749954939e+02 2.869791500052087940e-02 6.181535343262222204e-01 1.164351968525933062e-01 1.788855188420609421e-01
1.116385706049986766e+02 1.573668950004503131e-01 8.759388471805551468e-01 2.281009115427611311e-01 5.020211324215394511e-01
1.193155439850015682e+02 1.387037050008075312e-01 4.724231594661717493e-01 6.407942043071594707e-02 8.588174450940572191e-02
1.357670023200043943e+02 1.372222200006945059e-01 3.506027906335030808e-01 5.016607777952833414e-02 6.805094288841659345e-02
1.500459375000064028e+02 2.799259260002145311e+00 4.322849726742765131e-01 6.213067888713637993e-02 8.450166118803338622e-02
1.614285069449979346e+02 3.011226850030652713e-01 3.341262037015354514e-01 5.573076067315464732e-02 8.047128864642362489e-02
1.771701446799997939e+02 1.756302080000750721e+00 4.942391971505296078e-01 7.678485864803154259e-02 1.091253046455022829e-01
1.830690451400005259e+02 2.351793999987421557e-01 3.040791475915439745e-01 4.395045355872881365e-02 5.965774690334098990e-02
1.975441876850018161e+02 4.293865750005352311e-01 3.802663487609704296e-01 5.835964104378240508e-02 8.093498565045482984e-02
2.103584722250016057e+02 6.291087950012297370e-01 4.610486828958521022e-01 6.805992688708821514e-02 9.450176412594188391e-02
2.207911863449990051e+02 3.067881950009905268e-01 2.917618316366964448e-01 5.160957067376086005e-02 7.543613459147122113e-02
2.273160185199958505e+02 7.972337999999581371e-01 3.102876085182906252e-01 4.680344772486758759e-02 6.514395423486099568e-02
2.386079166700001224e+02 2.060532399991643615e-01 2.922983243195211855e-01 4.969324753884648421e-02 7.167277183450093681e-02
3.397801041650018306e+02 2.748148149985354394e-01 2.505278140247106378e-01 5.314538377142723896e-02 8.660572402719293739e-02
3.535585763900016900e+02 4.338541699980851263e-01 2.914872868582779053e-01 7.371430289749461573e-02 1.398246087788254932e-01
3.677887962999957381e+02 7.377315000121598132e-02 1.879204597695524892e-01 5.135879720717746733e-02 1.014352764850379035e-01
3.813644618100006483e+02 1.731192099978215992e-01 9.852109621801818928e-02 3.102092259587605275e-02 6.685536437199514348e-02
3.955715856500028167e+02 3.048611100020934828e-01 2.184479947264336697e-01 5.687720121486894431e-02 1.085356265621558736e-01
4.096514294000007794e+02 4.347511599989957176e-01 1.507857181565946669e-01 4.386581454571743949e-02 9.219952557444496821e-02
4.235902777849987615e+02 3.723148149983899202e-01 2.481897080863749161e-01 7.145803205114298340e-02 1.535546097439976221e-01
4.446256250000005821e+02 7.407754629999544704e+00 1.869191739763473303e-01 4.600692574428018322e-02 8.777864423045331210e-02
4.728055613449978409e+02 1.919496525002614362e+00 1.399216878114325768e-01 4.215569004271296077e-02 1.007569566756476021e-01
4.863473090299958130e+02 6.765943289999995613e+00 1.981173470446240259e-01 6.337390494915118300e-02 1.486634743878638421e-01
5.145205150500041782e+02 9.580266199991456233e-01 1.855806886505166620e-01 7.276943850014323811e-02 2.728822523813768108e-01
5.759777083350054454e+02 1.577166666499761050e+01 8.788038415937882153e-02 2.485743221593401595e-02 5.014386334525039457e-02
2.585214120001182891e+00 1.400752299996383954e-01 5.659116538824766618e-01 1.221392058739154997e-02 1.221392058739159507e-02
2.247345486500125844e+01 2.043807849986478686e-01 5.011347124277064635e-01 9.195132338123060758e-03 9.195132338123010451e-03
1.789021064850021503e+02 1.548726850014645606e-01 3.183959798741183844e-01 7.236272269866333463e-03 7.236272269866333463e-03
2.098473032399997464e+02 3.004282399997464381e-01 2.798856909525744285e-01 1.234789813026064727e-02 1.234789813026062472e-02
5.147525463500642218e+01 4.895833349983149674e-01 4.451336877837937522e-01 1.293993278441259165e-02 1.293993278441262114e-02
1.094891435199970147e+02 2.604166700002679136e-01 3.559775273805917961e-01 1.941695603894138741e-02 1.941695603894134925e-02
1.110308101900009206e+02 1.250000000000000000e-01 3.655571090814675461e-01 2.205948072043337205e-02 2.205948072043340674e-02
